X i Y ms
1 176.378
2 46.7335
3 42.8079
4 56.2232
5 42.5046
6 46.4085
7 46.9647
8 51.2249
9 42.6807
10 43.074
11 45.7883
12 48.4487
13 43.4754
14 40.2384
15 44.5116
16 42.5299
17 46.8599
18 42.6178
19 42.0281
20 47.1095
21 41.5663
22 45.9818
23 39.272
24 45.6873
25 39.4183
26 44.0499
27 39.5539
28 40.6502
29 41.7309
30 44.9498
31 43.9632
32 39.127
33 44.1275
34 43.8152
35 41.2881
36 40.5132
37 42.7548
38 42.3039
39 38.295
40 39.2344
41 40.9386
42 43.2348
43 40.0477
44 39.2855
45 44.6541
46 38.3992
47 40.1653
48 50.7354
49 40.0467
50 41.0108
51 40.2891
52 43.6791
53 41.6941
54 45.0173
55 41.6503
56 39.5076
57 42.9829
58 45.7003
59 44.4445
60 40.3687
61 50.7763
62 42.9567
63 38.0935
64 45.7982
65 43.3269
66 41.7508
67 52.6519
68 41.081
69 41.9777
70 40.4794
71 42.9862
72 39.3377
73 46.1746
74 39.5005
75 40.7182
76 43.0511
77 52.9545
78 47.3266
79 38.8306
80 40.612
81 39.463
82 41.7259
83 42.3771
84 43.6022
85 45.2836
86 40.434
87 50.3894
88 53.1199
89 48.1457
90 42.7772
91 45.3578
92 44.0828
93 39.3102
94 47.0397
95 49.3594
96 50.4615
97 44.7283
98 46.2623
99 40.1131
100 48.8099